
0 642 360 219 290 664 548 296 272 694 625 322 397 689 657 381
240 642 360 219 290 664 548 296 272 693 624 322 396 689 657 380
239 641 360 219 290 663 548 296 272 693 624 321 396 689 657 380
240 641 360 218 290 663 548 295 273 693 626 322 398 689 665 384
240 641 360 218 290 663 548 295 274 692 626 321 399 689 664 385
241 641 368 222 291 662 566 302 274 692 633 326 400 689 662 386
255 647 437 261 311 664 651 349 282 695 706 372 403 689 708 419
269 661 460 288 337 677 674 384 298 708 731 407 409 692 739 451
276 669 461 291 357 692 675 397 323 731 735 419 422 706 748 473
277 673 445 281 354 699 650 382 320 742 716 406 423 714 722 461
275 673 433 277 349 699 636 373 315 742 703 398 420 716 708 450
273 672 448 295 354 696 654 389 323 740 718 415 420 717 724 463
271 671 434 293 354 694 643 390 328 738 713 421 418 717 735 480
270 668 431 294 351 691 653 405 329 736 718 433 416 717 728 485
268 665 429 300 350 688 645 406 323 733 695 424 413 714 702 468
265 663 414 290 344 686 623 391 318 728 677 412 411 712 686 452
267 660 441 298 346 680 647 395 318 723 701 416 411 709 703 453
276 664 463 310 355 682 665 406 317 724 719 426 412 708 725 460
280 667 446 303 359 688 641 398 320 733 707 422 414 711 719 460
278 667 423 290 355 688 612 381 317 734 682 406 415 712 699 449
275 665 404 278 350 686 590 366 313 731 662 391 415 711 683 437
272 661 388 267 344 683 574 354 309 726 648 378 413 708 672 426
269 658 380 259 339 679 563 344 304 721 637 368 412 706 666 417
262 652 368 249 329 672 549 332 296 713 624 355 405 701 655 405
260 647 365 245 325 666 545 326 294 706 620 349 404 696 654 401
260 644 362 242 323 663 543 322 292 703 619 345 405 695 654 398
260 642 364 241 320 660 547 319 290 700 620 342 405 693 653 396
274 645 414 259 334 660 621 342 295 699 681 364 408 693 692 409
284 651 436 279 350 668 649 370 316 714 715 393 425 703 736 443
300 659 446 295 375 682 656 391 337 731 721 416 439 718 740 459
304 665 432 292 380 689 635 388 345 740 699 410 447 729 719 453
301 666 412 283 377 690 611 377 342 742 678 397 447 732 696 440
298 665 397 274 370 689 588 363 335 739 660 383 443 731 680 429
294 662 385 266 363 686 573 352 328 734 645 372 438 728 669 420
289 659 376 257 355 682 564 343 321 728 637 364 433 724 661 412
285 656 369 251 348 678 557 335 316 722 631 356 428 719 658 406
281 652 365 246 342 674 552 328 310 717 627 350 423 715 657 402
277 649 362 242 335 670 548 323 305 712 623 344 419 711 655 398
274 645 361 239 330 666 545 318 301 707 621 340 415 707 652 394
270 642 360 237 325 662 543 315 297 704 619 337 412 703 652 392
267 639 359 235 320 659 542 313 293 700 618 335 409 700 652 390
265 637 358 233 316 656 541 310 290 698 617 332 406 698 651 388
262 634 358 233 312 654 540 309 287 695 616 331 404 695 650 386
260 633 358 232 309 652 540 307 285 693 616 329 403 694 650 385
258 631 357 231 306 650 540 306 283 692 615 328 401 692 650 384
257 630 357 230 304 648 539 305 281 691 615 327 400 691 650 383
255 629 356 229 301 647 539 304 280 690 615 326 399 690 650 383
254 628 355 227 300 646 538 302 278 689 615 325 398 690 650 382
253 627 355 227 298 645 538 302 277 689 615 325 397 689 650 381
